324	896
195565779.8996653
0.077387518224017862
3
71.949999738330618
10.05000008795089
15
71.459453625761029
11.78885447101761
100.24830826154405
1
1.0024830826154405
65.747749515686294
0.11759654277916524
0.00093828420066199348
0.00020417622720952759
62224.170097195994
285948.84183842468
588.08793824631255
2702.5360816866564
857.24769847926882
1
0.43736813012785503
0.018058970284805364
0.63449601181619442
0.78802701780392559
25.280040365900252
57.289164449816454
1.1927373101385916
0.37301611212003416
1
830.61215065402121
0
13.062989887223857
4.2578945050203796
5.8948159712760537
29.091610683588772
0.014152068171823871
89.999999718150875
-10581.639486252263
11.999999803710271
68478.979369990979
29.091610683588772
733.00784472629664
830.61214234789986
7231.4950125612804
14.710835403075196
-2542.2810509538008
0
0
0
0.041633984470240817
0
0
0.0083660554708213965
0.94999999999999996
-9.9208985286811335e-09
0.0003474645682218305
0.93866808864747908
2.3682344995005447
1.0068646776273806
0.0094511174247515362
0.0029824086643030468
0
0.0049751623372613542
0
0
0
0
0
0.99502490594690052
0
1
0
64.726513828280659
31.771676754375864
0.85250014008217523
0.0037596910002029465
96148.163781592681
2.1284243119538053e-05
3.1636852737386678
1.0068646776273806
65.747749515686294
34.543164449816445
0.55179362105640117
1.3515381678087193
0.97509693663512254
0.2693043876446416
1.1233090417670077
0.96741763409538417
100
34.543164449816445
3.1636852737386678
0.11759654277916524
0.00093828420066199348
588.08793824631255
639.08044090154624
1.3507443751329802
0.97440663106786318
8.1367982898235987
1.1231675178818505
0.72367247657568379
657.47749515686291
34.543164449816445
3.1636852737386678
0.11759654277916524
0.00020417622720952759
2702.5360816866564
27.790628297373154
0.46500000000000002
20.404220560377734
100
1.711399362452767
3.0851442272372558
128.73489369252815
657.47749515686291
1.1620884082672061
1.5693416734443788
0.0025236919749890702
2.0000000179061646
15.000000146859247
68.352500468788421
3.5974992695422006
10
0.050000000000000003
0.60193768893645894
34.543164449816445
3.1636852737386678
100
657.47749515686291
4.1981849491468139
0.43736813095153632
0.18014239440021465
499.99950185278607
10.049999374142244
0.58624002954048604
4.6837588048817143
5.6302186103241905
0
4.3303637435162704e-09
2.6147920939442253e-09
8.4599739998557225e-09
1.8153043744506466e-10
6.1497110403126804e-09
2.6153631615042599e-08
0
4.6315473100480571e-08
8.6178100236353173e-08
0.48766574511498012
0.51233408600071773
12.384771995917268
0.014152068313344552
90
-10581.639592068657
12
68478.980054780768
29.091610974504878
733.00785205637499
7231.4950848762301
14.71083555018355
-2542.2810763766111
0.51233408600071773
1.9999996422313957
6.3396569294065923
1.537002554122713
20.914980959729643
12.06298992896599
1.9999998300194028
0.48766573511498018
1.5370022806685568
1.3249357333677642e-07
2.0493363963101343
4.6110070529233411
37.539641373167363
26.125979771408417
2.6147920939155598e-09
26.125979820520211
1.3510836543069198e-07
1.3249357333677642e-07
4.8964769039846737e-08
1.3682393708026401e-07
1.9999999646625086
14.062990025122561
0.99999982111569785
2.9999994633470939
0.48766573511498018
0.48766573511498018
1.9999996422313957
0.99999982111569785
1.9999996422313957
2.9999994633470939
0.51233408600071773
1.9999996422313957
2.5123337282321136
5.9999989266941878
1.3249357333677642e-07
1.3249357333677642e-07
1.3249357333677642e-07
0
0
2.0493363440028709
1.0246681981550672
6.0986727233115534
11.413661449910606
5.4587387639117519
24.696268159409062
39.163706345411178
4.0499994658706688
63177.167479698313
29.781934785739782
710.22757882692281
826.56280603109713
7031.4950125612804
11.999999803710271
68478.979369990979
733.00784472629664
830.61214234789986
7231.4950125612804
-6.3232950172118444e-11
-1.0773046507417898e-10
-6.6181399767247549e-11
0.00020816992235120409
-2.4987992248465769e-11
-5.4880705445595283e-11
0.00013929496288413913
0.55179362105640117
8290.305074500091
4.6837588048817143
499.99950185278607
10.049999374142244
0.78802701780392559
34.16940696936382
25.280040365900252
63.841361641919484
100
99.94221190056534
43.754479135108184
89.215494084248888
99.999935049850947
0.091261031346493868
0.90873898816005505
0
0
0
0
4.5581293429871802e-08
0.99999998392234468
0
0
0.99500006764162274
0.0049999519529182832
0
0
0.99991879602950917
8.1233393412519792e-05
0
0
3.6587869485141568e-09
0.87559078807545765
0.12440924630975798
0
0
0
0
0
0
0.99999889778286188
1.1218003748073563e-06
657.47749515686291
2196.6359729809292
150084.74598818974
149972.67184817322
306909528.29619581
8290.305074500091
0
4.3303637434876011e-09
2.6147920939155598e-09
8.4599739998270689e-09
1.8153043741640647e-10
6.1497110402840153e-09
2.6153631615013946e-08
0
4.6315473100451897e-08
8.6178100236324506e-08
0.48766574511498012
0.51233408600071773
0
0
0
0
0
0.49254772990250101
0.48510537731006065
0.47028957062063081
0.44119346376102969
0.38684533813315475
0.4865053833874356
0.47306944632861297
0.44659836384849017
0.39658590872529403
0.31387102804185196
0.49618392208710249
0.33333333333333337
0.33333333333333337
0.33333333333333337
0.25
0.25
0.25
0.25
0.33333333333333337
0.33333333333333337
0.33333333333333337
0.25
0.25
0.25
0.25
0.16666666666666666
0.16666666666666666
0.16666666666666666
0.16666666666666666
0.16666666666666666
0.16666666666666666
0.33333333333333337
0.33333333333333337
0.33333333333333337
8.8173455028538975e-14
0.00022282286170438196
5.7498200357353291e-06
5.3970924646153287e-07
1.8056241175122301e-06
1.1534254393430664e-06
2.4130761742173301e-07
1.4627129825777454e-06
1.7200998995809485e-07
0
3.4316996437333295e-05
2.6632138762233704e-07
0.00014675928860239699
0.018575695600389724
0.088799863650980082
2.7712238623940395e-10
6.0303480819297174e-11
2.9321653068131421e-08
6.3805662451243419e-09
2.2771558779197544e-08
1.7243710154230086e-05
0
0.00095485515943627029
0
0
6.8210771196168311e-07
3.0099427460142668e-07
1.4457257442988901e-05
1.2559000743908803e-05
1.7243710154230086e-05
0
1066333038270.2328
1.3200431627654335e-06
0
0
0
0
0
0
0
0
0
0
0
0
0
0
11177720.125373183
217994.81364377128
26434873.8030486
0.00041417381921952657
3590120.6087237997
7239510.6041554771
0.002061149360980469
4.9267741472014295e-05
0
0.049625820350960963
1.8370402194290654e-05
7.2812512569715691e-06
1.7126144864349264e-05
0.0018245135975994541
0.0057817873477981072
216710.37292764496
0.0034659523992683042
245352.95216192375
123861.78662229111
229300.87514998711
156020.32134639431
84375.400069513125
1.7329928349276128e-05
16633.642196539509
0
544247730570.11066
2.6640876321854347e-07
5.4273844679292716e-07
2.0227222830919279e-05
0.0045864579385896595
1.7934518789430859e-10
0.80978273809989088
7.9696019697044804e-06
1.7126144864349264e-05
2.622747226821825e-07
4.9919313325111371e-07
3.1250289109157432e-05
0
0
6.4030556685739994e-05
1.5350815941507173e-05
1.7824473849894053e-05
1.9159678311049568e-07
5.4667027812437891e-07
6.4736290748663592e-06
0.00014789211248606986
0.018379681399583431
2.9321653068131421e-08
2.6982065785817026e-08
0
0
2.1192255066072023e-06
1.5352750209600264e-05
2.3828058712994735e-05
2.6632138762233704e-08
5.4667027812437891e-07
6.4736290748663592e-06
0.00014789211248606986
0.084492279243326029
6.3805662451243419e-09
6.2048652906956213e-07
3.7083247587681311e-05
8.4510508204063501e-07
1.7417889391275254e-07
1.0075795735738008e-05
5.5892720641632032e-06
1.3394744814836204e-07
2.6267024575947263e-08
2.6044422502109172e-05
1.0987862414549474e-05
0
8.6218551292506902e-06
1.149580687918795e-06
5.143536090850301e-06
4.860807329418136e-06
1.7417889209538618e-06
4717.571800544828
3.4354284477219942e-05
0
5.4505138636061255e-06
0
2.6267024575947263e-08
4.1074203892647647e-06
0.00012552918296526917
9.5722662060148135e-05
3.4487455357178427e-08
1.7157921946057927e-06
0
3.6815965938117518e-06
3.0627070922001584e-06
2028.4986103331776
1203.2988699889877
1366.9436936168129
934.11347704168327
1693.6265726502504
1067.7411166095033
476.95652494090325
219286422086.47595
306.19844866325269
179.28936480060094
3.5359691178312546e-05
3.3657159720012335e-05
1.3923316869188621e-06
0
2.8739517058720273e-07
0
394.50022471846131
0
0
0
0
0
0
3.3657159720012335e-05
8.6218567487576885e-06
2.7199753336681879e-06
1.1219051224515436e-05
8.2446694663797183e-07
1.4294723436188469e-06
8.6218559392169759e-06
3.5359691903393024e-05
1.121905322054121e-05
121.0139523861167
8.4142898384125659e-06
3.7396842520063104e-06
4.5934670294523122e-07
6.6002158171212905e-07
1366.943693619919
6.6002158047141605e-07
118.833331544489
121.0139523861167
292.44090632240881
117.44481752779654
8.6218553587802372e-06
1.2261766847617625e-06
1.7243713411296795e-05
5.7479045087516345e-06
3.5359691903393024e-05
3.5359691903393024e-05
8.6218567487576885e-06
1.7243713411296795e-05
8.6218567487576885e-06
5.7479045087516345e-06
3.3657159720012335e-05
8.6218567487576885e-06
6.8636225500989357e-06
2.8739522591657382e-06
121.0139523861167
121.0139523861167
121.0139523861167
263062054876.26074
2038.2699038152562
8.4142900531789097e-06
1.6828579594707917e-05
2.8274529972591312e-06
1.5107956863510602e-06
3.1589184266363755e-06
0
0
0
0
0
0
0
0
0
0
0
0
0
0
0
0
0
0
0
0
3.1250289109157432e-05
2.0799850360299667e-09
3.6815965938117518e-06
3.4487455357178427e-08
1.7157921946057927e-06
2.1882130803506923e-05
5.0465349046058683e-07
6.8210771196168311e-07
2.7010248611427966e-07
1.7243710326572448e-07
1.7253681071752807e-07
3.9410160596168729e-07
1.9328156699875151e-07
1.7243721697202863e-07
0.00018894930678726876
1.8975426975201933e-05
40479.032987649356
255613.49622092117
93150.759728077712
56690.886449497782
310.24305904037794
1.7243710603905617e-05
2437267.7483067224
98415.212353450726
1.7330360958338633e-05
0.0034487683429350506
74892.862742052457
50374.606125632097
1.7245110698113421e-05
0.21224754130527243
100948.85268648977
269632.95140088792
1262.4628061117908
1.9693800502478831e-05
0.00013860472291684126
14129.210126349806
43581.658387035888
84731.864490837834
126425.63788793961
137114.38121371894
59256.378733852551
1.724372933300099e-05
15.235646570658997
2.6227073361237957e-08
7.8500537690937197e-09
1.1489315843237032e-10
1.1497901775438148e-10
5.618499560711758e-14
2.0799850360299667e-09
2028.4986103400131
1203.2988699913951
1366.943693619919
934.11347704313278
1693.6265726550175
1067.7411166113986
476.9565249412808
324842261635.81592
306.19844866340867
179.28936480065434
3.5359691178312546e-05
3.3657159720012335e-05
234361247028.21368
468722494056.42737
937444988112.85474
1874889976225.7095
3749779952451.4189
3.5009216573641477e-05
3.5546318285026124e-05
3.6666154662300075e-05
3.9084237470938347e-05
4.4575204490164608e-05
3.544402741157693e-05
3.6450695069026219e-05
3.8611225451873831e-05
4.3480390212867373e-05
5.4938839233726914e-05
3.4752658004405603e-05
5.1731129945378964e-05
5.1731129945378964e-05
5.1731129945378964e-05
6.8974839237423581e-05
6.8974839237423581e-05
6.8974839237423581e-05
6.8974839237423581e-05
5.1731129945378964e-05
5.1731129945378964e-05
5.1731129945378964e-05
6.8974839237423581e-05
6.8974839237423581e-05
6.8974839237423581e-05
6.8974839237423581e-05
0.00010346225678689033
0.00010346225678689033
0.00010346225678689033
0.00010346225678689033
0.00010346225678689033
0.00010346225678689033
5.1731129945378964e-05
5.1731129945378964e-05
5.1731129945378964e-05
0
0
5490.3106472737081
9.5533016007348955e-07
6.9113067406790031e-07
5490.3106357602346
0
0
0
0
4.3136053304574886e-06
1.724484413634856e-11
1.9541752882515352e-05
1.7243872123193281e-07
1.7243745534295896e-07
0
0
0
0
8.0474585165268567e-09
659452229960.24597
0
0
0
0
0
0
8.848122195973601e-06
2.7502636921635186e-05
1258547858943.9172
0
0
0
0
0
0
0
0
0
0
0
0
0
0
0
0
0
1.7243710154256687e-05
1.7243710155594087e-05
1.7243710154241331e-05
1.799282324263574e-05
1.7243710154312909e-05
1.7243710154271157e-05
1.7389189247045795e-05
583668.75371547788
0
0
0
0
0
0
0
1.7243710155602175e-05
1.7329929538552595e-05
1.7243710155441994e-05
1.724371015663071e-05
1.7243710155526836e-05
1.72437101561359e-05
1.7243710157754167e-05
0.0034659999700632775
1.7243710172106239e-05
0
0
0
0
0
0
0
0
1.7807069971403213e-07
0
1.8457231765396212e-08
0
0
0
0
0
0
0
1.7243882765493116e-12
2.6343635604638659e-07
1.7807069971403213e-07
2.9607843135600446e-05
5.7480832200762467e-07
0
0
0
0
0
0
0
1.7244844136348561e-12
2.6343635604638659e-07
1.7807069971403213e-07
2.9607843135600446e-05
5.7479425619962217e-07
0
4.0852800024174603e-07
1.7244512196476306e-09
0
1.7243882765493116e-12
2.5251228113268077e-07
1.7249031901733678e-09
0
1.7244844136348561e-12
2.0579390782572453e-05
0
0
0
0
2.5940142564328623e-06
1.5122744282052595e-06
3022.9210978264045
1.1534254393827578e-06
4.3319122626408414e-05
0
0
0
1.7244844136348561e-12
0
4.8401605721063335e-06
0
2.6528783064429031e-09
0
0
0
0
1.7243710300814135e-05
1.7243710401338728e-05
1.7243710371755903e-05
1.7243710472548527e-05
1.7243710329797441e-05
1.7243710432711023e-05
1.7243710777652841e-05
1.7243710154230086e-05
1.7243711125317819e-05
1.7243711812697497e-05
3.365714862536901e-05
3.5359678932845983e-05
0
0
61.180639851522223
0
4.310927370119106e-06
0
0
0
0
0
0
0
0
0
0
0
0
0
0
0
0
0
0
0
0
0
0
0
0
0
0
0
0
0
0
0
0
0
0
0
0
0
0
0
0
0
0
0
0
0
0
0
0
0
0
0
0
0
0
0
0
0
0
0
0
0
0
0
0
0
0
0
0
0
0
0
0
0
0
0
0
0
0
4.7689046947643971e-07
1824.6169895539331
0.00029839036544600836
3.0657926048807325e-07
1.598933602974404e-06
0.26146583059697187
1.897542738251922e-05
0.00018894934717415932
1.7243710161575753e-05
1.7243710155393351e-05
1.7243710157422177e-05
1.7243710159475121e-05
1.7243711112657834e-05
661.24466727771937
1.7243710154352086e-05
1.7243710157251422e-05
0.0034487818584974742
1.7330361299625517e-05
1.7243710158200363e-05
1.7243710160132771e-05
0.21232443623799166
1.7245111205556182e-05
1.7243710157175593e-05
1.7243710155332862e-05
1.724371038975825e-05
0.00013860476122552306
1.9693801275871615e-05
1.7243710175274823e-05
1.7243710161052808e-05
1.7243710157739337e-05
1.7243710156582026e-05
1.724371015639868e-05
1.7243710159248035e-05
15.503906485398153
1.7243729670689397e-05
0
0
0
0
0
0
1.7243710300814135e-05
1.7243710401338728e-05
1.7243710371755903e-05
1.7243710472548527e-05
1.7243710329797441e-05
1.7243710432711023e-05
1.7243710777652841e-05
1.7243710154230086e-05
1.7243711125317819e-05
1.7243711812697497e-05
3.365714862536901e-05
3.5359678932845983e-05
1.7243710154230086e-05
1.7243710154230086e-05
1.7243710154230086e-05
1.7243710154230086e-05
1.7243710154230086e-05
3.3980949885161972e-05
3.3489784908067121e-05
3.2553087908382063e-05
3.0858103963102323e-05
2.8122937474492555e-05
3.358109239206276e-05
3.2724825029997865e-05
3.1159485373817125e-05
2.8576910056753947e-05
2.5131878921500078e-05
3.42262006172488e-05
2.5865565360672954e-05
2.5865565360672954e-05
2.5865565360672954e-05
2.299161369225087e-05
2.299161369225087e-05
2.299161369225087e-05
2.299161369225087e-05
2.5865565360672954e-05
2.5865565360672954e-05
2.5865565360672954e-05
2.299161369225087e-05
2.299161369225087e-05
2.299161369225087e-05
2.299161369225087e-05
2.0692452350615723e-05
2.0692452350615723e-05
2.0692452350615723e-05
2.0692452350615723e-05
2.0692452350615723e-05
2.0692452350615723e-05
2.5865565360672954e-05
2.5865565360672954e-05
2.5865565360672954e-05
2.5495218344174387e-06
-3.5110696905280916e-07
4.7421937824876121e-06
7.9605335162961258e-07
3.3485329012128768e-06
-3022.9210960846153
4717.5717993914022
-8.9648381491884686e-06
2.9335352175789467e-06
6.28370807563306e-05
6.4125925717304109e-05
-1.1076497787891276e-08
1.18645890355863e-08
4.1072479521597738e-06
-659452229960.24597
0.00012068902360005306
0.00012068902239316284
-2.2245129096072367e-10
3.5467483422981726e-06
0.00019960613901325158
49.251090832604405
4846.7794268673706
437862.42233130732
-4.1991246672086555e-06
21859.62667570528
274.01194239563137
-274.01193933309673
15697.915038723271
-1955657.7989966532
-0.00010388364939020844
-61.180639564127056
0
394.50022040753396
0
0
0
-6.4050622921245382e-08
0
-188.11140587794335
0
-0.00010388365042904493
-61.180640175933441
-188.11140775905739
6.3960589499671358e-05
8.7715649539547063e-06
0.0045279530363421623
2.9319614366375176e-06
0.0001421276085918196
0.00031269497624563525
-4.0754231834535331e-10
7.3428239930926296
43.952171709098316
7.0703555474769195e-07
-5.8270723177008479e-07
-5.7980440726034754e-06
-6.7323235023339273e-06
9.4763851611073696e-07
-3.7172960485604761e-08
-2.5123481663187067e-05
3.4607252083756412e-05
3.0368084081768588e-05
4.713252960145636e-05
3.0292090289047617e-08
7.6776166641026754e-09
-4.0840139472093653e-07
-5.7543946558672583e-11
-2.3954127421973671e-07
-5.7458087236661416e-11
3.5578915917895182e-05
-0.0025216269520422921
191933.96760630302
-5490.3106302640072
8.2683277929615087e-06
3.533548991841914e-07
1.7846578227858774e-05
8.0824198313863757e-07
7.6006573301487138e-05
-0.00015448185309994804
-1.2026365947290273e-07
5.253007151407456e-08
4.1468287867294564e-08
3.6790558794536849e-07
3.1824603743474596e-07
8.0944197540402468e-08
-1.2451418164795793e-06
2.0972733484021696e-07
2.2717249850136539e-07
2.8996876206257931e-05
-1.1678028593180892e-05
-1.1868506186575911e-05
-5.2908818571830201e-05
-0.00011395558849623806
0.084502936809047927
0.018378206105739016
1.8749449474730569e-08
1.8733326338355137e-08
0.00010388364939020844
-138018.96755125729
-345047.41887814319
188.11140506970133
-21859.626672023856
-49.25109080076983
1667.7158432675926
-168684.09873628017
498.60845880873728
2187.0225496713088
109.04710519993181
-1258547862483.4482
15663316766.237274
15663314737.738678
15663315562.938421
15663315399.293598
15663315832.123814
15663315072.610718
15663315698.496174
15663316289.280766
-203623105320.23868
15663316460.038843
15663316586.947926
15663316766.23727
15663316766.237274
-1.392159249813871e-06
-15663313391.946703
-234361247028.21368
-1.0282666884795033e-06
-1.8629350195141772e-06
-3.3656987282907342e-05
-155.74095845681256
197.51529896532233
-562.06465189971391
-184.27258941368706
149.61496137228028
-540.02689553433754
11.360807091442259
296.90740138615649
-121.01395238594426
-8.4141174013075741e-06
65.434510997427509
-189.04757677641763
259.02478927022867
-1366.9436936197467
150.4404892825375
-118.83333154431658
-121.01395238594426
312.83224096215008
-440.42227319569173
442.7654238058791
225.8777611614791
31.678391427109673
-161.34538455114409
60.139200728187774
-204.66272786201498
-134.10907160696524
-811.61382903274398
-130.14193036192739
-5.8410469713794662
-3.3656987282907342e-05
-75.453411631355308
236.88858398086583
-224.17474633697944
-121.01395238594426
-121.01395238594426
-121.01395238594426
-263062054935.43579
-2038.2699038150838
-8.414117616073918e-06
-1.6828407157602927e-05
-135.59264209820802
544128684775.50385
2107885025881.9819
2.9464674931420443e-06
175.80487651634036
-1.5793729947656921e-06
3.4226028357776888e-05
3.4226028192475888e-05
3.4752486159836098e-05
3.4752485998025578e-05
2.5166285624357423e-07
-172.70967544788272
394.50022435253618
-1.5940864293099813e-28
211.83915920822881
-7.8114159336962549e-26
-6.3126099053351554
0
-1.4701685028097639e-06
22217.74946264652
-394.50022435253618
1.5940864293097624e-28
-211.83915920822881
7.8114159336962549e-26
6.3126099053351554
0
0.48670854597416152
394.50022435253618
0
0
0
-6.4050623561751607e-08
0
1.9996242644787749
-949513.65658743342
70872319.499993503
70872319.499993503
70872319.499993503
70872319.499993503
70872319.499993503
70872319.499993503
70872319.499993503
70872319.499993503
348725.77849485358
-1.1513246243683165e-05
140709578.12029165
-55177.535748491704
544257630039.45465
48710.133666295646
-5.5829362054897588e-05
19654361.04733175
-21859.626668342433
-49.251090766454809
1667.7158449832123
-168684.09871439819
-498.60845830425626
2187.0225503532442
19362.027628622556
101945.28980181277
160968.25479967156
-52419.802259526485
97810.043451522695
188276.11466675223
2.5865564584706007e-05
4.5983225545172711e-05
2.5865564584706007e-05
4.5983225545172711e-05
8.2769804436274612e-05
2.5865564584706007e-05
1907.0277707445505
1272.3207983507421
1442.9109978129095
1839.9954250002386
1287.3010755020614
1330.0368848306389
109.04710520183934
1.4631829572914966e-07
1.8578768324718806e-05
2.798560394863198e-06
777938.89273083222
-1.7238091999543579e-10
